         energy       spectrum
   1.00000e-005   9.88431e+037
   1.11711e-005   1.03628e+038
   1.24794e-005   1.09660e+038
   1.39408e-005   1.16303e+038
   1.55734e-005   1.23972e+038
   1.73973e-005   1.29472e+038
   1.94347e-005   1.36812e+038
   2.17107e-005   1.44847e+038
   2.42532e-005   1.53174e+038
   2.70935e-005   1.63446e+038
   3.02665e-005   1.70562e+038
   3.38110e-005   1.80895e+038
   3.77706e-005   1.91373e+038
   4.21940e-005   2.01820e+038
   4.71353e-005   2.13988e+038
   5.26554e-005   2.25035e+038
   5.88219e-005   2.38564e+038
   6.57106e-005   2.52845e+038
   7.34060e-005   2.64901e+038
   8.20026e-005   2.81688e+038
   9.16060e-005   2.96044e+038
   1.02334e-004   3.11649e+038
   1.14318e-004   3.28993e+038
   1.27706e-004   3.44567e+038
   1.42662e-004   3.63588e+038
   1.59369e-004   3.80332e+038
   1.78033e-004   3.95666e+038
   1.98883e-004   4.14535e+038
   2.22174e-004   4.28364e+038
   2.48193e-004   4.42190e+038
   2.77259e-004   4.50146e+038
   3.09729e-004   4.52749e+038
   3.46002e-004   4.54684e+038
   3.86522e-004   4.41986e+038
   4.31788e-004   4.17938e+038
   4.82355e-004   3.78489e+038
   5.38844e-004   3.21199e+038
   6.01948e-004   2.50066e+038
   6.72443e-004   1.66154e+038
   7.51193e-004   9.21521e+037
   8.39166e-004   4.32201e+037
   9.37441e-004   1.79340e+037
   1.04723e-003   7.29753e+036
   1.16987e-003   2.82811e+036
   1.30687e-003   9.33319e+035
   1.45992e-003   2.36897e+035
   1.63089e-003   5.35237e+034
   1.82189e-003   1.09530e+034
   2.03525e-003   1.55022e+033
   2.27360e-003   2.03520e+032
   2.53986e-003   1.83446e+031
   2.83730e-003   1.33025e+030
   3.16958e-003   6.67935e+028
   3.54077e-003   2.18385e+027
   3.95544e-003   5.82449e+025
   4.41866e-003   7.95158e+023
   4.93613e-003   7.55952e+021
   5.51421e-003   3.73304e+019
   6.15998e-003   8.18249e+016
   6.88138e-003   1.77626e+014
   7.68726e-003   8.45481e+010
   8.58752e-003   4.60959e+007
   9.59321e-003   3.77123e+003
   1.07167e-002   2.28997e-001
   1.19717e-002   3.18230e-006
   1.33737e-002   4.38234e-012
   1.49399e-002   1.50625e-017
   1.66896e-002   7.98613e-025
   1.86441e-002   1.07172e-031
   2.08275e-002   1.41406e-040
   2.32666e-002   1.76294e-049
   2.59914e-002   3.78805e-060
   2.90353e-002   4.68390e-073
   3.24356e-002   1.84011e-084
   3.62342e-002   2.23605e-100
   4.04776e-002   9.86474e-115
   4.52179e-002   2.13924e-134
   5.05134e-002   4.65932e-157
   5.64291e-002   1.49983e-176
   6.30375e-002   1.12892e-204
   7.04199e-002   5.85381e-229
   7.86668e-002   9.06025e-264
   8.78795e-002   0.00000e+000
   9.81712e-002   0.00000e+000
   1.09668e-001   0.00000e+000
   1.22511e-001   0.00000e+000
   1.36859e-001   0.00000e+000
   1.52886e-001   0.00000e+000
   1.70791e-001   0.00000e+000
   1.90792e-001   0.00000e+000
   2.13136e-001   0.00000e+000
   2.38097e-001   0.00000e+000
   2.65980e-001   0.00000e+000
   2.97130e-001   0.00000e+000
   3.31927e-001   0.00000e+000
   3.70799e-001   0.00000e+000
   4.14223e-001   0.00000e+000
   4.62733e-001   0.00000e+000
   5.16924e-001   0.00000e+000
   5.77462e-001   0.00000e+000
   6.45088e-001   0.00000e+000
   7.20635e-001   0.00000e+000
   8.05029e-001   0.00000e+000
   8.99307e-001   0.00000e+000
   1.00463e+000   0.00000e+000
   1.12228e+000   0.00000e+000
   1.25371e+000   0.00000e+000
   1.40053e+000   0.00000e+000
   1.56455e+000   0.00000e+000
   1.74777e+000   0.00000e+000
   1.95246e+000   0.00000e+000
   2.18111e+000   0.00000e+000
   2.43654e+000   0.00000e+000
   2.72188e+000   0.00000e+000
   3.04065e+000   0.00000e+000
   3.39674e+000   0.00000e+000
   3.79453e+000   0.00000e+000
   4.23891e+000   0.00000e+000
   4.73533e+000   0.00000e+000
   5.28989e+000   0.00000e+000
   5.90940e+000   0.00000e+000
   6.60145e+000   0.00000e+000
   7.37455e+000   0.00000e+000
   8.23819e+000   0.00000e+000
   9.20297e+000   0.00000e+000
   1.02807e+001   0.00000e+000
   1.14847e+001   0.00000e+000
   1.28297e+001   0.00000e+000
   1.43322e+001   0.00000e+000
   1.60106e+001   0.00000e+000
   1.78857e+001   0.00000e+000
   1.99803e+001   0.00000e+000
   2.23202e+001   0.00000e+000
   2.49341e+001   0.00000e+000
   2.78541e+001   0.00000e+000
   3.11162e+001   0.00000e+000
   3.47602e+001   0.00000e+000
   3.88310e+001   0.00000e+000
   4.33785e+001   0.00000e+000
   4.84586e+001   0.00000e+000
   5.41336e+001   0.00000e+000
   6.04732e+001   0.00000e+000
   6.75553e+001   0.00000e+000
   7.54667e+001   0.00000e+000
   8.43047e+001   0.00000e+000
   9.41777e+001   0.00000e+000
   1.05207e+002   0.00000e+000
   1.17528e+002   0.00000e+000
   1.31291e+002   0.00000e+000
   1.46667e+002   0.00000e+000
   1.63843e+002   0.00000e+000
   1.83031e+002   0.00000e+000
   2.04466e+002   0.00000e+000
   2.28411e+002   0.00000e+000
   2.55161e+002   0.00000e+000
   2.85043e+002   0.00000e+000
   3.18424e+002   0.00000e+000
   3.55715e+002   0.00000e+000
   3.97373e+002   0.00000e+000
   4.43910e+002   0.00000e+000
   4.95896e+002   0.00000e+000
   5.53971e+002   0.00000e+000
   6.18847e+002   0.00000e+000
   6.91320e+002   0.00000e+000
   7.72281e+002   0.00000e+000
   8.62724e+002   0.00000e+000
   9.63758e+002   0.00000e+000
   1.07662e+003   0.00000e+000
   1.20271e+003   0.00000e+000
   1.34356e+003   0.00000e+000
   1.50090e+003   0.00000e+000
   1.67668e+003   0.00000e+000
   1.87303e+003   0.00000e+000
   2.09238e+003   0.00000e+000
   2.33742e+003   0.00000e+000
   2.61116e+003   0.00000e+000
   2.91696e+003   0.00000e+000
   3.25856e+003   0.00000e+000
   3.64017e+003   0.00000e+000
   4.06648e+003   0.00000e+000
   4.54271e+003   0.00000e+000
   5.07471e+003   0.00000e+000
   5.66901e+003   0.00000e+000
   6.33291e+003   0.00000e+000
   7.07456e+003   0.00000e+000
   7.90307e+003   0.00000e+000
   8.82860e+003   0.00000e+000
   9.86252e+003   0.00000e+000
   1.10175e+004   0.00000e+000
   1.23078e+004   0.00000e+000
   1.37492e+004   0.00000e+000
   1.53593e+004   0.00000e+000
   1.71581e+004   0.00000e+000
   1.91675e+004   0.00000e+000
   2.14122e+004   0.00000e+000
   2.39198e+004   0.00000e+000
   2.67211e+004   0.00000e+000
   2.98504e+004   0.00000e+000
   3.33462e+004   0.00000e+000
   3.72514e+004   0.00000e+000
   4.16139e+004   0.00000e+000
   4.64873e+004   0.00000e+000
   5.19315e+004   0.00000e+000
   5.80132e+004   0.00000e+000
   6.48072e+004   0.00000e+000
   7.23968e+004   0.00000e+000
   8.08752e+004   0.00000e+000
   9.03466e+004   0.00000e+000
   1.00927e+005   0.00000e+000
   1.12747e+005   0.00000e+000
   1.25951e+005   0.00000e+000
   1.40701e+005   0.00000e+000
   1.57178e+005   0.00000e+000
   1.75586e+005   0.00000e+000
   1.96149e+005   0.00000e+000
   2.19120e+005   0.00000e+000
   2.44781e+005   0.00000e+000
   2.73447e+005   0.00000e+000
   3.05471e+005   0.00000e+000
   3.41245e+005   0.00000e+000
   3.81208e+005   0.00000e+000
   4.25852e+005   0.00000e+000
   4.75724e+005   0.00000e+000
   5.31436e+005   0.00000e+000
   5.93673e+005   0.00000e+000
   6.63198e+005   0.00000e+000
   7.40866e+005   0.00000e+000
   8.27629e+005   0.00000e+000
   9.24553e+005   0.00000e+000
   1.03283e+006   0.00000e+000
   1.15378e+006   0.00000e+000
   1.28890e+006   0.00000e+000
   1.43985e+006   0.00000e+000
   1.60847e+006   0.00000e+000
   1.79684e+006   0.00000e+000
   2.00727e+006   0.00000e+000
   2.24234e+006   0.00000e+000
   2.50494e+006   0.00000e+000
   2.79830e+006   0.00000e+000
   3.12601e+006   0.00000e+000
   3.49210e+006   0.00000e+000
   3.90106e+006   0.00000e+000
   4.35791e+006   0.00000e+000
   4.86827e+006   0.00000e+000
   5.43840e+006   0.00000e+000
   6.07529e+006   0.00000e+000
   6.78677e+006   0.00000e+000
   7.58158e+006   0.00000e+000
   8.46946e+006   0.00000e+000
   9.46132e+006   0.00000e+000
   1.05693e+007   0.00000e+000
   1.18071e+007   0.00000e+000
   1.31899e+007   0.00000e+000
   1.47345e+007   0.00000e+000
   1.64601e+007   0.00000e+000
   1.83878e+007   0.00000e+000
   2.05412e+007   0.00000e+000
   2.29468e+007   0.00000e+000
   2.56341e+007   0.00000e+000
   2.86361e+007   0.00000e+000
   3.19897e+007   0.00000e+000
   3.57360e+007   0.00000e+000
   3.99211e+007   0.00000e+000
   4.45963e+007   0.00000e+000
   4.98190e+007   0.00000e+000
   5.56533e+007   0.00000e+000
   6.21709e+007   0.00000e+000
   6.94518e+007   0.00000e+000
   7.75853e+007   0.00000e+000
   8.66714e+007   0.00000e+000
   9.68215e+007   0.00000e+000
   1.08160e+008   0.00000e+000
   1.20827e+008   0.00000e+000
   1.34977e+008   0.00000e+000
   1.50785e+008   0.00000e+000
   1.68443e+008   0.00000e+000
   1.88169e+008   0.00000e+000
   2.10206e+008   0.00000e+000
   2.34823e+008   0.00000e+000
   2.62324e+008   0.00000e+000
   2.93045e+008   0.00000e+000
   3.27363e+008   0.00000e+000
   3.65701e+008   0.00000e+000
   4.08529e+008   0.00000e+000
   4.56372e+008   0.00000e+000
   5.09818e+008   0.00000e+000
   5.69523e+008   0.00000e+000
   6.36220e+008   0.00000e+000
   7.10728e+008   0.00000e+000
   7.93962e+008   0.00000e+000
   8.86943e+008   0.00000e+000
   9.90814e+008   0.00000e+000
   1.10685e+009   0.00000e+000
   1.23647e+009   0.00000e+000
   1.38128e+009   0.00000e+000
   1.54304e+009   0.00000e+000
   1.72374e+009   0.00000e+000
   1.92561e+009   0.00000e+000
   2.15112e+009   0.00000e+000
   2.40304e+009   0.00000e+000
   2.68446e+009   0.00000e+000
   2.99884e+009   0.00000e+000
   3.35004e+009   0.00000e+000
   3.74237e+009   0.00000e+000
   4.18064e+009   0.00000e+000
   4.67023e+009   0.00000e+000
   5.21717e+009   0.00000e+000
   5.82815e+009   0.00000e+000
   6.51069e+009   0.00000e+000
   7.27317e+009   0.00000e+000
   8.12493e+009   0.00000e+000
   9.07645e+009   0.00000e+000
   1.01394e+010   0.00000e+000
   1.13268e+010   0.00000e+000
   1.26533e+010   0.00000e+000
   1.41352e+010   0.00000e+000
   1.57905e+010   0.00000e+000
   1.76398e+010   0.00000e+000
   1.97056e+010   0.00000e+000
   2.20133e+010   0.00000e+000
   2.45913e+010   0.00000e+000
   2.74712e+010   0.00000e+000
   3.06884e+010   0.00000e+000
   3.42823e+010   0.00000e+000
   3.82971e+010   0.00000e+000
   4.27821e+010   0.00000e+000
   4.77924e+010   0.00000e+000
   5.33894e+010   0.00000e+000
   5.96418e+010   0.00000e+000
   6.66265e+010   0.00000e+000
   7.44292e+010   0.00000e+000
   8.31457e+010   0.00000e+000
   9.28829e+010   0.00000e+000
   1.03761e+011   0.00000e+000
   1.15912e+011   0.00000e+000
   1.29486e+011   0.00000e+000
   1.44651e+011   0.00000e+000
   1.61591e+011   0.00000e+000
   1.80515e+011   0.00000e+000
   2.01655e+011   0.00000e+000
   2.25271e+011   0.00000e+000
   2.51653e+011   0.00000e+000
   2.81124e+011   0.00000e+000
   3.14047e+011   0.00000e+000
   3.50825e+011   0.00000e+000
   3.91910e+011   0.00000e+000
   4.37807e+011   0.00000e+000
   4.89079e+011   0.00000e+000
   5.46355e+011   0.00000e+000
   6.10339e+011   0.00000e+000
   6.81816e+011   0.00000e+000
   7.61664e+011   0.00000e+000
   8.50863e+011   0.00000e+000
   9.50508e+011   0.00000e+000
   1.06182e+012   0.00000e+000
   1.18617e+012   0.00000e+000
   1.32509e+012   0.00000e+000
   1.48027e+012   0.00000e+000
   1.65362e+012   0.00000e+000
   1.84728e+012   0.00000e+000
   2.06362e+012   0.00000e+000
   2.30529e+012   0.00000e+000
   2.57526e+012   0.00000e+000
   2.87685e+012   0.00000e+000
   3.21376e+012   0.00000e+000
   3.59013e+012   0.00000e+000
   4.01057e+012   0.00000e+000
   4.48025e+012   0.00000e+000
   5.00494e+012   0.00000e+000
   5.59107e+012   0.00000e+000
   6.24584e+012   0.00000e+000
   6.97730e+012   0.00000e+000
   7.79442e+012   0.00000e+000
   8.70722e+012   0.00000e+000
   9.72693e+012   0.00000e+000
   1.08661e+013   0.00000e+000
   1.21386e+013   0.00000e+000
   1.35602e+013   0.00000e+000
   1.51482e+013   0.00000e+000
   1.69222e+013   0.00000e+000
   1.89040e+013   0.00000e+000
   2.11178e+013   0.00000e+000
   2.35910e+013   0.00000e+000
   2.63537e+013   0.00000e+000
   2.94400e+013   0.00000e+000
   3.28877e+013   0.00000e+000
   3.67392e+013   0.00000e+000
   4.10418e+013   0.00000e+000
   4.58482e+013   0.00000e+000
   5.12176e+013   0.00000e+000
   5.72157e+013   0.00000e+000
   6.39162e+013   0.00000e+000
   7.14015e+013   0.00000e+000
   7.97634e+013   0.00000e+000
   8.91045e+013   0.00000e+000
   9.95396e+013   0.00000e+000
   1.11197e+014   0.00000e+000
   1.24219e+014   0.00000e+000
   1.38766e+014   0.00000e+000
   1.55018e+014   0.00000e+000
   1.73172e+014   0.00000e+000
   1.93452e+014   0.00000e+000
   2.16107e+014   0.00000e+000
   2.41416e+014   0.00000e+000
   2.69688e+014   0.00000e+000
   3.01271e+014   0.00000e+000
   3.36553e+014   0.00000e+000
   3.75967e+014   0.00000e+000
   4.19997e+014   0.00000e+000
   4.69183e+014   0.00000e+000
   5.24130e+014   0.00000e+000
   5.85511e+014   0.00000e+000
   6.54081e+014   0.00000e+000
   7.30680e+014   0.00000e+000
   8.16251e+014   0.00000e+000
   9.11843e+014   0.00000e+000
   1.01863e+015   0.00000e+000
   1.13792e+015   0.00000e+000
   1.27118e+015   0.00000e+000
   1.42005e+015   0.00000e+000
   1.58636e+015   0.00000e+000
   1.77214e+015   0.00000e+000
   1.97967e+015   0.00000e+000
   2.21151e+015   0.00000e+000
   2.47050e+015   0.00000e+000
   2.75983e+015   0.00000e+000
   3.08303e+015   0.00000e+000
   3.44409e+015   0.00000e+000
   3.84743e+015   0.00000e+000
   4.29800e+015   0.00000e+000
   4.80134e+015   0.00000e+000
   5.36363e+015   0.00000e+000
   5.99177e+015   0.00000e+000
   6.69347e+015   0.00000e+000
   7.47735e+015   0.00000e+000
   8.35302e+015   0.00000e+000
   9.33125e+015   0.00000e+000
   1.04240e+016   0.00000e+000
   1.16448e+016   0.00000e+000
   1.30085e+016   0.00000e+000
   1.45320e+016   0.00000e+000
   1.62338e+016   0.00000e+000
   1.81350e+016   0.00000e+000
   2.02588e+016   0.00000e+000
   2.26313e+016   0.00000e+000
   2.52817e+016   0.00000e+000
   2.82424e+016   0.00000e+000
   3.15499e+016   0.00000e+000
   3.52447e+016   0.00000e+000
   3.93723e+016   0.00000e+000
   4.39832e+016   0.00000e+000
   4.91341e+016   0.00000e+000
   5.48882e+016   0.00000e+000
   6.13162e+016   0.00000e+000
   6.84970e+016   0.00000e+000
   7.65187e+016   0.00000e+000
   8.54798e+016   0.00000e+000
   9.54904e+016   0.00000e+000
   1.06673e+017   0.00000e+000
   1.19166e+017   0.00000e+000
   1.33122e+017   0.00000e+000
   1.48712e+017   0.00000e+000
   1.66127e+017   0.00000e+000
   1.85583e+017   0.00000e+000
   2.07316e+017   0.00000e+000
   2.31595e+017   0.00000e+000
   2.58717e+017   0.00000e+000
   2.89016e+017   0.00000e+000
   3.22863e+017   0.00000e+000
   3.60673e+017   0.00000e+000
   4.02912e+017   0.00000e+000
   4.50098e+017   0.00000e+000
   5.02809e+017   0.00000e+000
   5.61693e+017   0.00000e+000
   6.27473e+017   0.00000e+000
   7.00957e+017   0.00000e+000
   7.83047e+017   0.00000e+000
   8.74750e+017   0.00000e+000
   9.77192e+017   0.00000e+000
   1.09163e+018   0.00000e+000
   1.21947e+018   0.00000e+000
   1.36229e+018   0.00000e+000
   1.52183e+018   0.00000e+000
   1.70005e+018   0.00000e+000
   1.89914e+018   0.00000e+000
   2.12155e+018   0.00000e+000
   2.37001e+018   0.00000e+000
   2.64756e+018   0.00000e+000
   2.95762e+018   0.00000e+000
   3.30399e+018   0.00000e+000
   3.69092e+018   0.00000e+000
   4.12316e+018   0.00000e+000
   4.60603e+018   0.00000e+000
   5.14544e+018   0.00000e+000
   5.74803e+018   0.00000e+000
   6.42119e+018   0.00000e+000
   7.17317e+018   0.00000e+000
   8.01323e+018   0.00000e+000
   8.95166e+018   0.00000e+000
   1.00000e+019   0.00000e+000